{
 "cells": [
  {
   "attachments": {},
   "cell_type": "markdown",
   "metadata": {},
   "source": [
    "[![Fixel Algorithms](https://i.imgur.com/AqKHVZ0.png)](https://fixelalgorithms.gitlab.io/)\n",
    "\n",
    "# AI Program\n",
    "\n",
    "## Convex Smooth Optimization - Local Quadratic Model \n",
    "\n",
    "> Notebook by:\n",
    "> - Royi Avital RoyiAvital@fixelalgorithms.com\n",
    "\n",
    "## Revision History\n",
    "\n",
    "| Version | Date       | User        |Content / Changes                                                   |\n",
    "|---------|------------|-------------|--------------------------------------------------------------------|\n",
    "| 1.0.000 | 09/02/2024 | Royi Avital | First version                                                      |"
   ]
  },
  {
   "attachments": {},
   "cell_type": "markdown",
   "metadata": {},
   "source": [
    "[![Open In Colab](https://colab.research.google.com/assets/colab-badge.svg)](https://colab.research.google.com/github/FixelAlgorithmsTeam/FixelCourses/blob/master/AIProgram/2024_02/0010LocalQuadraticModel.ipynb)"
   ]
  },
  {
   "cell_type": "code",
   "execution_count": 1,
   "metadata": {
    "ExecuteTime": {
     "end_time": "2022-02-02T09:30:06.492269Z",
     "start_time": "2022-02-02T09:30:06.220934Z"
    }
   },
   "outputs": [
    {
     "name": "stderr",
     "output_type": "stream",
     "text": [
      "C:\\Users\\RoyiA\\AppData\\Local\\Temp\\ipykernel_5056\\2123946435.py:6: DeprecationWarning: \n",
      "Pyarrow will become a required dependency of pandas in the next major release of pandas (pandas 3.0),\n",
      "(to allow more performant data types, such as the Arrow string type, and better interoperability with other libraries)\n",
      "but was not found to be installed on your system.\n",
      "If this would cause problems for you,\n",
      "please provide us feedback at https://github.com/pandas-dev/pandas/issues/54466\n",
      "        \n",
      "  import pandas as pd\n"
     ]
    }
   ],
   "source": [
    "# Import Packages\n",
    "\n",
    "# General Tools\n",
    "import numpy as np\n",
    "import scipy as sp\n",
    "import pandas as pd\n",
    "\n",
    "# Machine Learning\n",
    "\n",
    "# Miscellaneous\n",
    "import os\n",
    "import math\n",
    "from platform import python_version\n",
    "import random\n",
    "\n",
    "# Typing\n",
    "from typing import Callable, List, Tuple, Union\n",
    "\n",
    "# Visualization\n",
    "from matplotlib.colors import LogNorm, Normalize, PowerNorm\n",
    "import matplotlib.pyplot as plt\n",
    "import plotly.express as px\n",
    "import plotly.graph_objects as go\n",
    "import seaborn as sns\n",
    "\n",
    "# Jupyter\n",
    "from IPython import get_ipython\n",
    "from IPython.display import Markdown, display\n",
    "from ipywidgets import Dropdown, FloatSlider, interact, IntSlider, Layout"
   ]
  },
  {
   "attachments": {},
   "cell_type": "markdown",
   "metadata": {},
   "source": [
    "## Notations\n",
    "\n",
    "* <font color='red'>(**?**)</font> Question to answer interactively.\n",
    "* <font color='blue'>(**!**)</font> Simple task to add code for the notebook.\n",
    "* <font color='green'>(**@**)</font> Optional / Extra self practice.\n",
    "* <font color='brown'>(**#**)</font> Note / Useful resource / Food for thought.\n",
    "\n",
    "Code Notations:\n",
    "\n",
    "```python\n",
    "someVar    = 2; #<! Notation for a variable\n",
    "vVector    = np.random.rand(4); #<! Notation for 1D array\n",
    "mMatrix    = np.random.rand(4, 3); #<! Notation for 2D array\n",
    "tTensor    = np.random.rand(4, 3, 2, 3); #<! Notation for nD array (Tensor)\n",
    "cCell      = cell(3, 1); #<! Notation for a cell array\n",
    "oObj       = MyClass(); #<! Notation for an object\n",
    "dfData     = ps.DataFrame(); #<! Notation for a data frame\n",
    "hObj       = plt.Axes(); #<! Notation for an object / handler / function handler\n",
    "```\n",
    "\n",
    "### Code Exercise\n",
    "\n",
    " - Single line fill\n",
    "\n",
    " ```python\n",
    " vallToFill = ???\n",
    " ```\n",
    "\n",
    " - Multi Line to Fill (At least one)\n",
    "\n",
    " ```python\n",
    " # You need to start writing\n",
    " ????\n",
    " ```\n",
    "\n",
    " - Section to Fill\n",
    "\n",
    "```python\n",
    "#===========================Fill This===========================#\n",
    "# 1. Explanation about what to do.\n",
    "# !! Remarks to follow / take under consideration.\n",
    "mX = ???\n",
    "\n",
    "???\n",
    "#===============================================================#\n",
    "```"
   ]
  },
  {
   "cell_type": "markdown",
   "metadata": {},
   "source": [
    "## MathJaX Macros\n",
    "\n",
    "Adding _quality of life_ macros.\n",
    "\n",
    "$$\n",
    "\\newcommand{\\MyParen}[1]{\\left( #1 \\right)}\n",
    "\\newcommand{\\MyBrack}[1]{\\left\\lbrack #1 \\right\\rbrack}\n",
    "\\newcommand{\\MyBrace}[1]{\\left\\lbrace #1 \\right\\rbrace}\n",
    "\\newcommand{\\MyMat}[1]{\\begin{bmatrix} #1 \\end{bmatrix}}\n",
    "\\newcommand{\\MyNorm}[2]{{\\left\\| #1 \\right\\|}_{#2}}\n",
    "\\newcommand{\\MyAbs}[1]{\\left| #1 \\right|}\n",
    "\\newcommand{\\MyNormTwo}[1]{\\MyNorm{#1}{2}}\n",
    "\\newcommand{\\MyCeil}[1]{\\lceil #1 \\rceil}\n",
    "\\newcommand{\\MyInProd}[2]{\\langle #1, #2 \\rangle}\n",
    "\\newcommand{\\MyUndBrace}[2]{\\underset{#2}{\\underbrace{#1}}}\n",
    "\\newcommand{\\RR}[1]{\\mathbb{R}^{#1}}\n",
    "\\newcommand{\\InR}[1]{\\in \\mathbb{R}^{#1}}\n",
    "\\newcommand{\\InC}[1]{\\in \\mathbb{C}^{#1}}\n",
    "\\newcommand{\\BS}[1]{\\boldsymbol{#1}}\n",
    "\\newcommand{\\MyClr}[2]{{\\color{#1}{#2}}}\n",
    "\\newcommand{\\MyQuad}[2]{ {#1}^{T} #2 #1 }\n",
    "$$"
   ]
  },
  {
   "cell_type": "code",
   "execution_count": 2,
   "metadata": {},
   "outputs": [],
   "source": [
    "# Configuration\n",
    "%matplotlib inline\n",
    "\n",
    "# warnings.filterwarnings(\"ignore\")\n",
    "\n",
    "seedNum = 512\n",
    "np.random.seed(seedNum)\n",
    "random.seed(seedNum)\n",
    "\n",
    "# sns.set_theme() #>! Apply SeaBorn theme\n",
    "# sns.set_palette(\"tab10\")\n",
    "\n",
    "runInGoogleColab = 'google.colab' in str(get_ipython())"
   ]
  },
  {
   "cell_type": "code",
   "execution_count": 3,
   "metadata": {},
   "outputs": [],
   "source": [
    "# Constants\n",
    "\n",
    "FIG_SIZE_DEF    = (8, 8)\n",
    "ELM_SIZE_DEF    = 50\n",
    "CLASS_COLOR     = ('b', 'r')\n",
    "EDGE_COLOR      = 'k'\n",
    "MARKER_SIZE_DEF = 10\n",
    "LINE_WIDTH_DEF  = 2\n"
   ]
  },
  {
   "cell_type": "code",
   "execution_count": 4,
   "metadata": {},
   "outputs": [],
   "source": [
    "# Course Packages\n"
   ]
  },
  {
   "cell_type": "code",
   "execution_count": 5,
   "metadata": {},
   "outputs": [],
   "source": [
    "# Auxiliary Functions"
   ]
  },
  {
   "cell_type": "code",
   "execution_count": 6,
   "metadata": {},
   "outputs": [],
   "source": [
    "# Parameters\n",
    "\n",
    "gradRadius = 4\n",
    "numGridPts = (2 * gradRadius) + 1\n",
    "\n",
    "μ = -0.2\n",
    "σ = 1.5"
   ]
  },
  {
   "cell_type": "markdown",
   "metadata": {},
   "source": [
    "* <font color='red'>(**?**)</font> For multivariate (2D) Gaussian, $\\mu$ should be a vector and $\\sigma$ should be a matrix. Yet above they are scalars. Explain."
   ]
  },
  {
   "attachments": {},
   "cell_type": "markdown",
   "metadata": {},
   "source": [
    "## Local Quadratic Model\n",
    "\n",
    "Local quadratic models are useful in many cases to model set of samples.  \n",
    "One motivation could be that near local extrema many functions look like a quadratic model.\n",
    "\n",
    "A _Quadratic Model_ in $\\mathbb{R}^{n}$ is given by:\n",
    "\n",
    "$$ f \\left( \\boldsymbol{x} \\right) = \\boldsymbol{x}^{T} \\boldsymbol{A} \\boldsymbol{x} + \\boldsymbol{b}^{T} \\boldsymbol{x} + c $$\n",
    "\n",
    "Where the model parameters are the elements of the **matrix** $\\boldsymbol{A}$, the **vector** $\\boldsymbol{b}$ and the **scalar** $c$.\n",
    "\n",
    "This notebooks demonstrate how to estimate the parameters of a quadratic model given a set of samples.  \n",
    "Specially, a 2D model will be used.\n",
    "\n",
    "The objective is to estimate the peak location and value of the sampled data.  \n",
    "The steps are:\n",
    "\n",
    "1. Estimate the parameters of the polynomial model.\n",
    "2. Extract the maximum values and the corresponding argument of the 2nd order model.\n",
    "3. Compare the model results to the actual model.\n",
    "\n",
    "\n",
    "* <font color='red'>(**?**)</font> How many parameters do a 2D _Quadratic Model_ have? Think about the properties of $\\BS{A}$."
   ]
  },
  {
   "cell_type": "markdown",
   "metadata": {},
   "source": [
    "## Generate Data\n",
    "\n",
    "The data will be sampled from a 2D Gaussian function."
   ]
  },
  {
   "cell_type": "code",
   "execution_count": 7,
   "metadata": {},
   "outputs": [],
   "source": [
    "# Generate / Load the Data\n",
    "vX = np.linspace(-gradRadius, gradRadius, numGridPts) #<! Grid of the Gaussian Function\n",
    "vY = np.exp(-0.5 * np.square((vX - μ) / σ))\n",
    "mY = np.outer(vY, vY) #<! 2D Gaussian\n"
   ]
  },
  {
   "cell_type": "code",
   "execution_count": 8,
   "metadata": {},
   "outputs": [
    {
     "data": {
      "application/vnd.plotly.v1+json": {
       "config": {
        "plotlyServerURL": "https://plot.ly"
       },
       "data": [
        {
         "name": "Gaussian",
         "type": "surface",
         "x": [
          -4,
          -3,
          -2,
          -1,
          0,
          1,
          2,
          3,
          4
         ],
         "y": [
          -4,
          -3,
          -2,
          -1,
          0,
          1,
          2,
          3,
          4
         ],
         "z": [
          [
           0.0016322794952194585,
           0.0070755428455421725,
           0.019665510986118094,
           0.03504539313416724,
           0.040043946006593764,
           0.029337494980826703,
           0.013781275659203349,
           0.004150840461318567,
           0.0008016095701549468
          ],
          [
           0.0070755428455421725,
           0.030670793026394087,
           0.08524530631505058,
           0.15191343234164142,
           0.17358096851920432,
           0.1271710533187878,
           0.05973854764365009,
           0.01799290477830873,
           0.0034747865642123983
          ],
          [
           0.019665510986118094,
           0.08524530631505058,
           0.2369277586821218,
           0.42222276620593896,
           0.48244474210852767,
           0.35345468195878016,
           0.16603518494995703,
           0.05000883668069904,
           0.009657697627537766
          ],
          [
           0.03504539313416724,
           0.15191343234164142,
           0.42222276620593896,
           0.7524321560893031,
           0.8597521653335264,
           0.6298823505324357,
           0.29588696346527116,
           0.0891194407760169,
           0.0172107305203965
          ],
          [
           0.040043946006593764,
           0.17358096851920432,
           0.48244474210852767,
           0.8597521653335264,
           0.9823793146181776,
           0.719722981524675,
           0.3380895612640941,
           0.10183061896068102,
           0.019665510986118073
          ],
          [
           0.029337494980826703,
           0.1271710533187878,
           0.35345468195878016,
           0.6298823505324357,
           0.719722981524675,
           0.5272924240430485,
           0.24769538958578205,
           0.0746044176605755,
           0.014407591843112341
          ],
          [
           0.013781275659203349,
           0.05973854764365009,
           0.16603518494995703,
           0.29588696346527116,
           0.3380895612640941,
           0.24769538958578205,
           0.1163548028087038,
           0.03504539313416723,
           0.006767960076515903
          ],
          [
           0.004150840461318567,
           0.01799290477830873,
           0.05000883668069904,
           0.0891194407760169,
           0.10183061896068102,
           0.0746044176605755,
           0.03504539313416723,
           0.0105554695661988,
           0.002038470401499455
          ],
          [
           0.0008016095701549468,
           0.0034747865642123983,
           0.009657697627537766,
           0.0172107305203965,
           0.019665510986118073,
           0.014407591843112341,
           0.006767960076515903,
           0.002038470401499455,
           0.0003936690406550776
          ]
         ]
        },
        {
         "mode": "markers",
         "name": "Samples",
         "type": "scatter3d",
         "x": [
          -4,
          -4,
          -4,
          -4,
          -4,
          -4,
          -4,
          -4,
          -4,
          -3,
          -3,
          -3,
          -3,
          -3,
          -3,
          -3,
          -3,
          -3,
          -2,
          -2,
          -2,
          -2,
          -2,
          -2,
          -2,
          -2,
          -2,
          -1,
          -1,
          -1,
          -1,
          -1,
          -1,
          -1,
          -1,
          -1,
          0,
          0,
          0,
          0,
          0,
          0,
          0,
          0,
          0,
          1,
          1,
          1,
          1,
          1,
          1,
          1,
          1,
          1,
          2,
          2,
          2,
          2,
          2,
          2,
          2,
          2,
          2,
          3,
          3,
          3,
          3,
          3,
          3,
          3,
          3,
          3,
          4,
          4,
          4,
          4,
          4,
          4,
          4,
          4,
          4
         ],
         "y": [
          -4,
          -3,
          -2,
          -1,
          0,
          1,
          2,
          3,
          4,
          -4,
          -3,
          -2,
          -1,
          0,
          1,
          2,
          3,
          4,
          -4,
          -3,
          -2,
          -1,
          0,
          1,
          2,
          3,
          4,
          -4,
          -3,
          -2,
          -1,
          0,
          1,
          2,
          3,
          4,
          -4,
          -3,
          -2,
          -1,
          0,
          1,
          2,
          3,
          4,
          -4,
          -3,
          -2,
          -1,
          0,
          1,
          2,
          3,
          4,
          -4,
          -3,
          -2,
          -1,
          0,
          1,
          2,
          3,
          4,
          -4,
          -3,
          -2,
          -1,
          0,
          1,
          2,
          3,
          4,
          -4,
          -3,
          -2,
          -1,
          0,
          1,
          2,
          3,
          4
         ],
         "z": [
          0.0016322794952194585,
          0.0070755428455421725,
          0.019665510986118094,
          0.03504539313416724,
          0.040043946006593764,
          0.029337494980826703,
          0.013781275659203349,
          0.004150840461318567,
          0.0008016095701549468,
          0.0070755428455421725,
          0.030670793026394087,
          0.08524530631505058,
          0.15191343234164142,
          0.17358096851920432,
          0.1271710533187878,
          0.05973854764365009,
          0.01799290477830873,
          0.0034747865642123983,
          0.019665510986118094,
          0.08524530631505058,
          0.2369277586821218,
          0.42222276620593896,
          0.48244474210852767,
          0.35345468195878016,
          0.16603518494995703,
          0.05000883668069904,
          0.009657697627537766,
          0.03504539313416724,
          0.15191343234164142,
          0.42222276620593896,
          0.7524321560893031,
          0.8597521653335264,
          0.6298823505324357,
          0.29588696346527116,
          0.0891194407760169,
          0.0172107305203965,
          0.040043946006593764,
          0.17358096851920432,
          0.48244474210852767,
          0.8597521653335264,
          0.9823793146181776,
          0.719722981524675,
          0.3380895612640941,
          0.10183061896068102,
          0.019665510986118073,
          0.029337494980826703,
          0.1271710533187878,
          0.35345468195878016,
          0.6298823505324357,
          0.719722981524675,
          0.5272924240430485,
          0.24769538958578205,
          0.0746044176605755,
          0.014407591843112341,
          0.013781275659203349,
          0.05973854764365009,
          0.16603518494995703,
          0.29588696346527116,
          0.3380895612640941,
          0.24769538958578205,
          0.1163548028087038,
          0.03504539313416723,
          0.006767960076515903,
          0.004150840461318567,
          0.01799290477830873,
          0.05000883668069904,
          0.0891194407760169,
          0.10183061896068102,
          0.0746044176605755,
          0.03504539313416723,
          0.0105554695661988,
          0.002038470401499455,
          0.0008016095701549468,
          0.0034747865642123983,
          0.009657697627537766,
          0.0172107305203965,
          0.019665510986118073,
          0.014407591843112341,
          0.006767960076515903,
          0.002038470401499455,
          0.0003936690406550776
         ]
        }
       ],
       "layout": {
        "autosize": false,
        "height": 500,
        "margin": {
         "b": 45,
         "l": 45,
         "r": 45,
         "t": 45
        },
        "scene": {
         "xaxis": {
          "title": {
           "text": "x_1"
          }
         },
         "yaxis": {
          "title": {
           "text": "x_2"
          }
         },
         "zaxis": {
          "title": {
           "text": ""
          }
         }
        },
        "template": {
         "data": {
          "bar": [
           {
            "error_x": {
             "color": "#2a3f5f"
            },
            "error_y": {
             "color": "#2a3f5f"
            },
            "marker": {
             "line": {
              "color": "#E5ECF6",
              "width": 0.5
             },
             "pattern": {
              "fillmode": "overlay",
              "size": 10,
              "solidity": 0.2
             }
            },
            "type": "bar"
           }
          ],
          "barpolar": [
           {
            "marker": {
             "line": {
              "color": "#E5ECF6",
              "width": 0.5
             },
             "pattern": {
              "fillmode": "overlay",
              "size": 10,
              "solidity": 0.2
             }
            },
            "type": "barpolar"
           }
          ],
          "carpet": [
           {
            "aaxis": {
             "endlinecolor": "#2a3f5f",
             "gridcolor": "white",
             "linecolor": "white",
             "minorgridcolor": "white",
             "startlinecolor": "#2a3f5f"
            },
            "baxis": {
             "endlinecolor": "#2a3f5f",
             "gridcolor": "white",
             "linecolor": "white",
             "minorgridcolor": "white",
             "startlinecolor": "#2a3f5f"
            },
            "type": "carpet"
           }
          ],
          "choropleth": [
           {
            "colorbar": {
             "outlinewidth": 0,
             "ticks": ""
            },
            "type": "choropleth"
           }
          ],
          "contour": [
           {
            "colorbar": {
             "outlinewidth": 0,
             "ticks": ""
            },
            "colorscale": [
             [
              0,
              "#0d0887"
             ],
             [
              0.1111111111111111,
              "#46039f"
             ],
             [
              0.2222222222222222,
              "#7201a8"
             ],
             [
              0.3333333333333333,
              "#9c179e"
             ],
             [
              0.4444444444444444,
              "#bd3786"
             ],
             [
              0.5555555555555556,
              "#d8576b"
             ],
             [
              0.6666666666666666,
              "#ed7953"
             ],
             [
              0.7777777777777778,
              "#fb9f3a"
             ],
             [
              0.8888888888888888,
              "#fdca26"
             ],
             [
              1,
              "#f0f921"
             ]
            ],
            "type": "contour"
           }
          ],
          "contourcarpet": [
           {
            "colorbar": {
             "outlinewidth": 0,
             "ticks": ""
            },
            "type": "contourcarpet"
           }
          ],
          "heatmap": [
           {
            "colorbar": {
             "outlinewidth": 0,
             "ticks": ""
            },
            "colorscale": [
             [
              0,
              "#0d0887"
             ],
             [
              0.1111111111111111,
              "#46039f"
             ],
             [
              0.2222222222222222,
              "#7201a8"
             ],
             [
              0.3333333333333333,
              "#9c179e"
             ],
             [
              0.4444444444444444,
              "#bd3786"
             ],
             [
              0.5555555555555556,
              "#d8576b"
             ],
             [
              0.6666666666666666,
              "#ed7953"
             ],
             [
              0.7777777777777778,
              "#fb9f3a"
             ],
             [
              0.8888888888888888,
              "#fdca26"
             ],
             [
              1,
              "#f0f921"
             ]
            ],
            "type": "heatmap"
           }
          ],
          "heatmapgl": [
           {
            "colorbar": {
             "outlinewidth": 0,
             "ticks": ""
            },
            "colorscale": [
             [
              0,
              "#0d0887"
             ],
             [
              0.1111111111111111,
              "#46039f"
             ],
             [
              0.2222222222222222,
              "#7201a8"
             ],
             [
              0.3333333333333333,
              "#9c179e"
             ],
             [
              0.4444444444444444,
              "#bd3786"
             ],
             [
              0.5555555555555556,
              "#d8576b"
             ],
             [
              0.6666666666666666,
              "#ed7953"
             ],
             [
              0.7777777777777778,
              "#fb9f3a"
             ],
             [
              0.8888888888888888,
              "#fdca26"
             ],
             [
              1,
              "#f0f921"
             ]
            ],
            "type": "heatmapgl"
           }
          ],
          "histogram": [
           {
            "marker": {
             "pattern": {
              "fillmode": "overlay",
              "size": 10,
              "solidity": 0.2
             }
            },
            "type": "histogram"
           }
          ],
          "histogram2d": [
           {
            "colorbar": {
             "outlinewidth": 0,
             "ticks": ""
            },
            "colorscale": [
             [
              0,
              "#0d0887"
             ],
             [
              0.1111111111111111,
              "#46039f"
             ],
             [
              0.2222222222222222,
              "#7201a8"
             ],
             [
              0.3333333333333333,
              "#9c179e"
             ],
             [
              0.4444444444444444,
              "#bd3786"
             ],
             [
              0.5555555555555556,
              "#d8576b"
             ],
             [
              0.6666666666666666,
              "#ed7953"
             ],
             [
              0.7777777777777778,
              "#fb9f3a"
             ],
             [
              0.8888888888888888,
              "#fdca26"
             ],
             [
              1,
              "#f0f921"
             ]
            ],
            "type": "histogram2d"
           }
          ],
          "histogram2dcontour": [
           {
            "colorbar": {
             "outlinewidth": 0,
             "ticks": ""
            },
            "colorscale": [
             [
              0,
              "#0d0887"
             ],
             [
              0.1111111111111111,
              "#46039f"
             ],
             [
              0.2222222222222222,
              "#7201a8"
             ],
             [
              0.3333333333333333,
              "#9c179e"
             ],
             [
              0.4444444444444444,
              "#bd3786"
             ],
             [
              0.5555555555555556,
              "#d8576b"
             ],
             [
              0.6666666666666666,
              "#ed7953"
             ],
             [
              0.7777777777777778,
              "#fb9f3a"
             ],
             [
              0.8888888888888888,
              "#fdca26"
             ],
             [
              1,
              "#f0f921"
             ]
            ],
            "type": "histogram2dcontour"
           }
          ],
          "mesh3d": [
           {
            "colorbar": {
             "outlinewidth": 0,
             "ticks": ""
            },
            "type": "mesh3d"
           }
          ],
          "parcoords": [
           {
            "line": {
             "colorbar": {
              "outlinewidth": 0,
              "ticks": ""
             }
            },
            "type": "parcoords"
           }
          ],
          "pie": [
           {
            "automargin": true,
            "type": "pie"
           }
          ],
          "scatter": [
           {
            "fillpattern": {
             "fillmode": "overlay",
             "size": 10,
             "solidity": 0.2
            },
            "type": "scatter"
           }
          ],
          "scatter3d": [
           {
            "line": {
             "colorbar": {
              "outlinewidth": 0,
              "ticks": ""
             }
            },
            "marker": {
             "colorbar": {
              "outlinewidth": 0,
              "ticks": ""
             }
            },
            "type": "scatter3d"
           }
          ],
          "scattercarpet": [
           {
            "marker": {
             "colorbar": {
              "outlinewidth": 0,
              "ticks": ""
             }
            },
            "type": "scattercarpet"
           }
          ],
          "scattergeo": [
           {
            "marker": {
             "colorbar": {
              "outlinewidth": 0,
              "ticks": ""
             }
            },
            "type": "scattergeo"
           }
          ],
          "scattergl": [
           {
            "marker": {
             "colorbar": {
              "outlinewidth": 0,
              "ticks": ""
             }
            },
            "type": "scattergl"
           }
          ],
          "scattermapbox": [
           {
            "marker": {
             "colorbar": {
              "outlinewidth": 0,
              "ticks": ""
             }
            },
            "type": "scattermapbox"
           }
          ],
          "scatterpolar": [
           {
            "marker": {
             "colorbar": {
              "outlinewidth": 0,
              "ticks": ""
             }
            },
            "type": "scatterpolar"
           }
          ],
          "scatterpolargl": [
           {
            "marker": {
             "colorbar": {
              "outlinewidth": 0,
              "ticks": ""
             }
            },
            "type": "scatterpolargl"
           }
          ],
          "scatterternary": [
           {
            "marker": {
             "colorbar": {
              "outlinewidth": 0,
              "ticks": ""
             }
            },
            "type": "scatterternary"
           }
          ],
          "surface": [
           {
            "colorbar": {
             "outlinewidth": 0,
             "ticks": ""
            },
            "colorscale": [
             [
              0,
              "#0d0887"
             ],
             [
              0.1111111111111111,
              "#46039f"
             ],
             [
              0.2222222222222222,
              "#7201a8"
             ],
             [
              0.3333333333333333,
              "#9c179e"
             ],
             [
              0.4444444444444444,
              "#bd3786"
             ],
             [
              0.5555555555555556,
              "#d8576b"
             ],
             [
              0.6666666666666666,
              "#ed7953"
             ],
             [
              0.7777777777777778,
              "#fb9f3a"
             ],
             [
              0.8888888888888888,
              "#fdca26"
             ],
             [
              1,
              "#f0f921"
             ]
            ],
            "type": "surface"
           }
          ],
          "table": [
           {
            "cells": {
             "fill": {
              "color": "#EBF0F8"
             },
             "line": {
              "color": "white"
             }
            },
            "header": {
             "fill": {
              "color": "#C8D4E3"
             },
             "line": {
              "color": "white"
             }
            },
            "type": "table"
           }
          ]
         },
         "layout": {
          "annotationdefaults": {
           "arrowcolor": "#2a3f5f",
           "arrowhead": 0,
           "arrowwidth": 1
          },
          "autotypenumbers": "strict",
          "coloraxis": {
           "colorbar": {
            "outlinewidth": 0,
            "ticks": ""
           }
          },
          "colorscale": {
           "diverging": [
            [
             0,
             "#8e0152"
            ],
            [
             0.1,
             "#c51b7d"
            ],
            [
             0.2,
             "#de77ae"
            ],
            [
             0.3,
             "#f1b6da"
            ],
            [
             0.4,
             "#fde0ef"
            ],
            [
             0.5,
             "#f7f7f7"
            ],
            [
             0.6,
             "#e6f5d0"
            ],
            [
             0.7,
             "#b8e186"
            ],
            [
             0.8,
             "#7fbc41"
            ],
            [
             0.9,
             "#4d9221"
            ],
            [
             1,
             "#276419"
            ]
           ],
           "sequential": [
            [
             0,
             "#0d0887"
            ],
            [
             0.1111111111111111,
             "#46039f"
            ],
            [
             0.2222222222222222,
             "#7201a8"
            ],
            [
             0.3333333333333333,
             "#9c179e"
            ],
            [
             0.4444444444444444,
             "#bd3786"
            ],
            [
             0.5555555555555556,
             "#d8576b"
            ],
            [
             0.6666666666666666,
             "#ed7953"
            ],
            [
             0.7777777777777778,
             "#fb9f3a"
            ],
            [
             0.8888888888888888,
             "#fdca26"
            ],
            [
             1,
             "#f0f921"
            ]
           ],
           "sequentialminus": [
            [
             0,
             "#0d0887"
            ],
            [
             0.1111111111111111,
             "#46039f"
            ],
            [
             0.2222222222222222,
             "#7201a8"
            ],
            [
             0.3333333333333333,
             "#9c179e"
            ],
            [
             0.4444444444444444,
             "#bd3786"
            ],
            [
             0.5555555555555556,
             "#d8576b"
            ],
            [
             0.6666666666666666,
             "#ed7953"
            ],
            [
             0.7777777777777778,
             "#fb9f3a"
            ],
            [
             0.8888888888888888,
             "#fdca26"
            ],
            [
             1,
             "#f0f921"
            ]
           ]
          },
          "colorway": [
           "#636efa",
           "#EF553B",
           "#00cc96",
           "#ab63fa",
           "#FFA15A",
           "#19d3f3",
           "#FF6692",
           "#B6E880",
           "#FF97FF",
           "#FECB52"
          ],
          "font": {
           "color": "#2a3f5f"
          },
          "geo": {
           "bgcolor": "white",
           "lakecolor": "white",
           "landcolor": "#E5ECF6",
           "showlakes": true,
           "showland": true,
           "subunitcolor": "white"
          },
          "hoverlabel": {
           "align": "left"
          },
          "hovermode": "closest",
          "mapbox": {
           "style": "light"
          },
          "paper_bgcolor": "white",
          "plot_bgcolor": "#E5ECF6",
          "polar": {
           "angularaxis": {
            "gridcolor": "white",
            "linecolor": "white",
            "ticks": ""
           },
           "bgcolor": "#E5ECF6",
           "radialaxis": {
            "gridcolor": "white",
            "linecolor": "white",
            "ticks": ""
           }
          },
          "scene": {
           "xaxis": {
            "backgroundcolor": "#E5ECF6",
            "gridcolor": "white",
            "gridwidth": 2,
            "linecolor": "white",
            "showbackground": true,
            "ticks": "",
            "zerolinecolor": "white"
           },
           "yaxis": {
            "backgroundcolor": "#E5ECF6",
            "gridcolor": "white",
            "gridwidth": 2,
            "linecolor": "white",
            "showbackground": true,
            "ticks": "",
            "zerolinecolor": "white"
           },
           "zaxis": {
            "backgroundcolor": "#E5ECF6",
            "gridcolor": "white",
            "gridwidth": 2,
            "linecolor": "white",
            "showbackground": true,
            "ticks": "",
            "zerolinecolor": "white"
           }
          },
          "shapedefaults": {
           "line": {
            "color": "#2a3f5f"
           }
          },
          "ternary": {
           "aaxis": {
            "gridcolor": "white",
            "linecolor": "white",
            "ticks": ""
           },
           "baxis": {
            "gridcolor": "white",
            "linecolor": "white",
            "ticks": ""
           },
           "bgcolor": "#E5ECF6",
           "caxis": {
            "gridcolor": "white",
            "linecolor": "white",
            "ticks": ""
           }
          },
          "title": {
           "x": 0.05
          },
          "xaxis": {
           "automargin": true,
           "gridcolor": "white",
           "linecolor": "white",
           "ticks": "",
           "title": {
            "standoff": 15
           },
           "zerolinecolor": "white",
           "zerolinewidth": 2
          },
          "yaxis": {
           "automargin": true,
           "gridcolor": "white",
           "linecolor": "white",
           "ticks": "",
           "title": {
            "standoff": 15
           },
           "zerolinecolor": "white",
           "zerolinewidth": 2
          }
         }
        },
        "title": {
         "text": "Data Samples"
        },
        "width": 600
       }
      }
     },
     "metadata": {},
     "output_type": "display_data"
    }
   ],
   "source": [
    "# Display the Data\n",
    "\n",
    "hF = go.Figure()\n",
    "hF.add_trace(go.Surface(x = vX, y = vX, z = mY, name = 'Gaussian'))\n",
    "hF.add_trace(go.Scatter3d(x = np.repeat(vX, numGridPts), y = np.tile(vX, numGridPts), z = mY.flat, mode = 'markers', name = 'Samples'))\n",
    "hF.update_layout(title = 'Data Samples', scene = dict(xaxis_title = r'x_1', yaxis_title = r'x_2', zaxis_title = ''),\n",
    "                 autosize = False, width = 600, height = 500, margin = dict(l = 45, r = 45, b = 45, t = 45)) #<! No LaTeX support in 3D plots\n"
   ]
  },
  {
   "cell_type": "markdown",
   "metadata": {},
   "source": [
    "## Build the Linear Model\n",
    "\n",
    "Given a set of $\\left\\{ \\left( \\boldsymbol{x}_{i}, {y}_{i} \\right) \\right\\}_{i = 1}^{N}$ the model is given by:\n",
    "\n",
    "$$ {y}_{i} = \\boldsymbol{x}_{i}^{T} \\boldsymbol{A} \\boldsymbol{x}_{i} + \\boldsymbol{b}^{T} \\boldsymbol{x}_{i} + c $$\n",
    "\n",
    "Which could be solved using _Linear Least Squares_ as:\n",
    "\n",
    "$$ \\arg \\min_{\\BS{A}, \\BS{b}, c} \\sum_{i = 1}^{N} \\MyParen{ {y}_{i} - \\boldsymbol{x}_{i}^{T} \\boldsymbol{A} \\boldsymbol{x}_{i} - \\boldsymbol{b}^{T} \\boldsymbol{x}_{i} - c }^{2} $$\n",
    "\n",
    "Yet, there is a more efficient way to build this.  \n",
    "A 2nd order model has basically the following form: ${y}_{i} = p {x}_{1}^{2} + q {x}_{2}^{2} + 2 r {x}_{1} {x}_{2} + s {x}_{1} + {t} {x}_{2} + u$.  \n",
    "Which can be solved in a classic linear form:\n",
    "\n",
    "$$ \\BS{y} = \\BS{H} \\BS{w} $$\n",
    "\n",
    "Where $\\BS{w} = \\MyBrack{ u, t, s, r, q, p }^{T}$ (Or any other permutation).\n",
    "\n",
    "* <font color='brown'>(**#**)</font> If a model is **linear**, it can be always be written in the form $\\BS{y} = \\BS{H} \\BS{w}$ for some $\\BS{H}$ and $\\BS{w}$.\n",
    "\n"
   ]
  },
  {
   "cell_type": "markdown",
   "metadata": {},
   "source": [
    "### Question 001\n",
    "\n",
    "1. Find the connection between the parameters $u, t, s, r, q, p$ to the elements of $\\BS{A}, \\BS{b}, c$.\n",
    "2. Derive the matrix $\\BS{H}$.  \n",
    "   The matrix is a combination of the set of $\\MyBrace{ \\BS{x}_{i} }_{i = 1}^{N}$.\n",
    "3. Implement in code a function to build $\\BS{H}$."
   ]
  },
  {
   "cell_type": "markdown",
   "metadata": {},
   "source": [
    "### Solution 001\n",
    "\n",
    "#### The Mapping\n",
    "\n",
    "The matrix $\\BS{A}$ must be symmetric, hence:\n",
    "\n",
    "$$ \\BS{A} = \\begin{bmatrix} {a}_{11} & {a}_{12} \\\\ {a}_{12} & {a}_{22} \\end{bmatrix} $$\n",
    "\n",
    "For $\\BS{x} = \\MyBrack{ {x}_{1}, {x}_{2} }^{T}$ the result:\n",
    "\n",
    "$$ \\begin{bmatrix} {x}_{1} & {x}_{2} \\end{bmatrix} \\begin{bmatrix} {a}_{11} & {a}_{12} \\\\ {a}_{12} & {a}_{22} \\end{bmatrix} \\begin{bmatrix} {x}_{1} \\\\ {x}_{2} \\end{bmatrix} = {a}_{11} {x}_{1}^{2} + 2 {a}_{12} {x}_{1} {x}_{2} + {a}_{22} {x}_{2}^{2} $$\n",
    "\n",
    "For the vector $\\BS{b} = \\MyBrack{ {b}_{1}, {b}_{2} }^{T}$ the result:\n",
    "\n",
    "$$ \\BS{b}^{T} \\BS{x} = {b}_{1} {x}_{1} + {b}_{2} {x}_{2} $$\n",
    "\n",
    "Hence the mapping is:\n",
    "\n",
    "$$ u = c, t = {b}_{2}, s = {b}_{1}, r = {a}_{12}, q = {a}_{22}, p = {a}_{11} $$\n",
    "\n",
    "#### The Matrix $\\BS{H}$\n",
    "\n",
    "If $\\BS{w} = \\MyBrack{ u, t, s, r, q, p }^{T}$ then the columns of $\\BS{H}$ should match the elements of $\\BS{x}_{i}$:\n",
    "\n",
